JUMP 02 00 00 111
AND 00 00 00 111
OR FF 10 02 330d
IF0JUMP 06 00 00 111 
OR 00 00 02 330
IF0JUMP 07 00 00 111
AND 00 00 00 111
OR 00 00 02 330
IF1JUMP 0D 00 00 111
OR FF 00 02 330
IF1JUMP 0D 00 00 111
AND 00 00 00 111
OR 00 00 02 330
CALL 18 00 00 111
OR FF 00 02 330
CAL0 1A 00 00 111
OR 00 00 02 330 
CAL0 1A 00 00 111
OR 00 00 02 330
CAL1 1C 00 00 111
OR FF 00 02 330
CAL1 1C 00 00 111
OR 00 00 02 330
JUMP 00 00 00 111
OR 01 00 00 330
RET 00 00 00 111 
OR 02 00 00 330
RET 00 00 00 111
OR 03 00 00 330
RET 00 00 00 111
